2602326,563,409,505,555,411,536
2602446,563,409,505,555,411,536
2602567,564,409,505,554,411,536
2602688,563,409,505,554,411,536
2602811,564,409,505,555,411,536
2602932,564,409,505,555,411,536
2603053,564,409,505,555,411,535
2603173,564,409,505,555,411,536
2603294,564,409,504,555,411,535
2603417,564,409,505,555,411,535
2603538,564,409,505,555,411,536
2603659,564,409,505,555,411,536
2603782,564,409,504,555,411,536
2603902,564,410,504,555,411,535
2604023,564,410,504,555,412,535
2604144,565,410,504,554,412,536
2604265,564,410,504,555,411,536
2604386,564,409,505,555,411,535
2604507,564,409,504,554,411,535
2604627,564,409,505,555,411,535
2604748,564,410,505,555,411,536
2604869,564,409,505,554,411,536
2604990,564,410,505,554,411,536
2605111,564,410,505,554,411,536
2605232,563,411,506,553,411,536
2605352,563,409,506,554,411,536
2605473,563,409,506,555,411,536
2605594,562,408,505,555,411,534
2605715,563,408,504,559,410,532
2605836,563,408,502,559,411,529
2605957,563,409,504,554,411,530
2606077,560,410,500,556,409,530
2606198,564,409,502,551,408,528
2606319,566,411,501,558,411,539
2606440,568,414,503,555,412,540
2606561,562,414,506,556,414,541
2606682,563,412,507,557,415,545
2606802,559,411,505,559,416,543
2606923,557,404,505,556,414,538
2607044,557,403,508,558,416,543
2607165,558,404,508,559,417,543
2607286,555,401,509,561,418,541
2607407,555,401,511,563,419,540
2607527,553,402,511,567,420,539
2607648,553,402,511,565,420,540
2607769,552,401,512,565,420,541
2607890,553,401,510,565,419,540
2608011,552,401,511,565,420,540
2608132,552,400,510,564,418,540
2608252,552,400,511,563,418,540
2608373,553,401,513,565,420,542
2608494,552,401,511,566,420,542
2608615,552,401,511,564,419,540
2608736,553,402,510,564,418,539
2608857,554,401,509,562,417,539
2608977,558,403,509,564,417,538
2609098,563,406,506,563,415,538
2609219,569,406,507,556,410,533
2609340,562,408,504,556,412,528
2609463,559,404,503,555,411,527
2609584,569,405,504,554,409,534
2609704,570,409,507,557,413,537
2609825,569,409,507,560,415,539
2609946,568,410,508,560,416,541
2610069,567,408,509,559,416,542
2610190,566,407,508,556,415,542
2610311,567,408,508,557,416,542
2610432,566,408,509,558,416,542
2610554,566,408,508,559,416,542
2610675,565,407,508,558,416,542
2610796,565,407,508,559,416,541
2610917,565,405,509,559,416,541
2611038,565,405,509,559,416,542
2611159,565,405,509,558,416,542
2611281,564,405,509,559,416,542
2611402,566,406,508,558,416,542
2611523,565,405,509,558,416,543
2611646,565,405,509,559,416,542
2611767,566,406,509,559,416,543
2611888,566,405,508,558,417,542
2612008,566,406,509,558,417,543
2612131,566,406,509,558,417,543
2612252,567,406,509,558,416,543
2612373,566,406,508,558,416,543
2612494,566,406,508,558,416,543
2612615,566,406,508,559,417,543
2612736,567,406,509,559,417,543
2612856,566,406,508,559,417,543
2612977,566,406,509,559,416,543
2613098,566,406,508,558,416,543
2613219,566,406,509,559,416,543
2613340,565,405,508,559,416,543
2613460,566,406,509,558,417,542
2613581,566,405,509,558,416,543
2613702,566,405,509,558,417,542
2613823,566,405,509,558,417,543
2613944,566,405,509,559,417,543
2614065,565,405,509,558,416,543
2614185,563,405,509,557,416,543
2614306,563,405,509,557,416,544
2614427,563,405,510,558,417,544
2614548,561,405,510,557,417,544
2614669,560,404,510,557,417,543
2614790,560,403,509,558,417,543
2614910,561,403,510,558,416,543
2615031,562,404,509,558,417,543
2615152,564,405,509,558,417,543
2615273,565,405,509,558,417,543
2615394,565,405,509,559,417,543
