2645450,510,441,482,558,407,480
2645571,509,440,482,557,407,480
2645692,510,441,482,557,407,480
2645813,509,441,482,557,407,480
2645934,510,441,482,557,407,480
2646054,510,441,482,557,407,480
2646177,510,441,482,557,407,480
2646298,510,441,482,557,407,480
2646419,510,441,482,557,407,480
2646542,510,440,482,557,407,480
2646663,510,441,482,558,407,480
2646786,510,441,482,558,407,480
2646906,510,441,482,557,407,480
2647027,510,441,482,557,407,480
2647148,510,441,482,557,407,480
2647269,510,441,482,557,407,480
2647390,510,441,482,558,407,480
2647511,510,441,482,558,407,480
2647633,510,441,482,557,407,480
2647754,510,441,482,557,407,480
2647875,510,441,482,557,407,480
2647996,510,441,482,558,407,480
2648119,510,441,482,557,407,480
2648240,510,441,482,558,407,480
2648360,510,440,482,556,407,480
2648481,510,440,482,557,407,480
2648602,510,440,482,557,407,479
2648725,510,441,483,559,407,479
2648846,510,441,482,559,406,479
2648967,509,440,484,554,406,485
2649088,510,441,483,559,405,487
2649210,509,437,485,551,402,501
2649331,511,438,488,539,404,518
2649452,510,437,490,548,403,514
2649573,510,436,487,557,402,493
2649696,512,437,484,557,405,493
2649817,511,438,486,557,405,498
2649937,511,437,486,557,407,493
2650058,511,437,486,557,406,493
2650179,511,437,485,559,406,493
2650302,512,437,486,561,406,490
2650423,512,438,485,561,406,488
2650544,511,437,485,558,406,485
2650664,512,438,484,561,407,483
2650785,514,438,485,562,408,482
2650908,512,438,486,561,407,484
2651029,510,439,484,559,407,483
2651150,510,439,484,560,406,486
2651273,511,438,484,554,405,493
2651394,507,438,488,557,403,490
2651514,505,438,483,555,408,491
2651635,508,442,487,557,406,478
2651756,502,442,479,547,400,476
2651879,502,443,480,553,403,480
2652000,501,443,480,553,404,477
2652121,502,443,481,553,405,479
2652241,503,443,481,555,406,480
2652364,504,442,481,555,406,480
2652487,505,442,480,555,406,478
2652608,506,442,480,554,406,480
2652729,506,442,479,554,406,478
2652850,507,442,480,555,406,478
2652971,506,442,479,554,406,479
2653091,506,442,479,554,406,479
2653212,506,442,480,554,405,479
2653333,506,442,480,553,406,478
2653456,506,442,480,554,406,479
2653577,506,442,479,554,405,478
2653698,506,442,480,555,406,478
2653820,506,442,480,554,406,479
2653941,506,442,480,554,406,479
2654062,506,442,480,554,405,478
2654183,506,442,480,554,406,479
2654304,506,442,480,554,406,479
2654427,506,442,480,554,406,479
2654547,506,442,480,554,406,479
2654670,506,442,480,554,405,479
2654791,506,442,479,554,406,479
2654912,506,442,479,554,406,479
2655033,506,442,479,554,405,479
2655154,506,442,479,553,406,479
2655275,506,442,480,554,405,479
2655397,507,442,480,554,406,479
2655518,506,442,480,554,406,479
2655639,506,442,479,553,406,479
2655760,506,442,479,554,405,479
2655881,506,442,479,554,406,479
2656002,506,442,480,554,406,479
2656122,506,442,479,554,406,479
2656243,506,442,479,554,406,479
2656364,507,442,479,553,405,479
2656485,506,442,479,553,406,479
2656606,507,442,480,554,406,479
2656727,506,442,480,553,405,479
2656849,507,442,479,554,406,479
2656970,506,442,479,553,405,479
