2706305,460,417,488,508,395,498
2706425,461,416,488,509,396,498
2706546,464,416,485,510,396,496
2706669,468,419,489,511,402,498
2706790,455,415,497,513,390,508
2706913,461,423,494,512,400,507
2707034,463,423,497,510,402,509
2707154,461,423,498,516,400,508
2707275,459,405,491,518,384,498
2707396,452,381,483,520,366,480
2707517,467,432,492,525,411,484
2707638,470,417,461,508,402,482
2707759,456,429,478,509,399,483
2707879,459,433,477,515,404,487
2708000,455,419,475,534,373,493
2708121,448,406,502,519,383,518
2708242,462,418,485,510,398,512
2708363,463,426,511,517,407,514
2708484,462,428,492,513,404,511
2708604,459,421,493,513,397,508
2708725,466,384,471,536,372,482
2708846,461,405,505,531,392,483
2708967,472,421,478,514,406,483
2709088,473,410,473,514,399,485
2709209,459,441,481,534,409,495
2709329,437,409,491,529,366,503
2709450,452,395,506,546,378,538
2709571,462,414,504,534,397,520
2709692,467,427,508,529,411,513
2709813,452,433,495,522,405,512
2709934,454,422,496,525,393,511
2710054,460,388,480,543,373,496
2710175,471,412,488,530,401,482
2710296,479,400,472,516,400,483
2710417,471,419,469,519,401,484
2710538,459,431,476,511,403,486
2710659,452,426,482,504,396,488
2710779,465,401,495,512,392,500
2710902,474,414,474,517,398,512
2711023,455,429,498,509,400,519
2711144,457,427,513,510,404,524
2711265,460,429,502,511,406,519
2711386,461,420,491,526,394,513
2711506,468,381,484,524,374,485
2711627,470,422,497,523,409,483
2711748,470,410,464,519,396,485
2711869,465,421,473,516,401,476
2711990,463,426,464,516,400,472
2712111,459,408,470,505,388,475
2712231,456,426,498,500,403,497
2712352,459,422,495,505,400,529
2712473,453,426,518,518,400,537
2712596,455,424,517,517,401,533
2712717,454,421,515,512,399,525
2712838,457,423,503,512,400,517
2712958,447,401,511,520,376,501
2713079,487,398,452,530,389,473
2713200,466,413,484,514,397,482
2713321,467,419,471,514,399,478
2713442,460,421,480,511,397,486
2713563,460,430,478,520,402,490
2713683,462,427,480,520,402,488
2713804,457,394,496,518,381,509
2713927,478,414,476,523,405,517
2714048,452,423,510,516,399,526
2714169,458,427,505,513,404,524
2714292,468,422,505,515,406,527
2714413,456,404,499,530,376,513
2714533,483,375,468,527,376,477
2714654,469,426,496,526,404,489
2714775,486,409,455,531,404,483
2714898,475,413,472,529,399,476
2715019,474,423,468,531,402,473
2715140,474,424,466,523,401,462
2715260,472,426,463,521,400,460
2715383,475,428,460,521,403,469
2715504,475,432,463,522,404,471
2715625,464,402,460,521,376,485
2715746,457,421,533,523,398,537
2715867,476,415,474,511,400,517
2715990,462,412,495,513,398,522
2716110,464,421,511,513,405,528
2716231,465,430,495,515,407,521
2716352,448,398,513,521,374,512
2716475,464,378,490,534,372,494
2716596,470,413,487,525,402,493
2716717,469,422,468,519,405,493
2716837,460,421,483,517,398,491
2716958,466,430,474,528,403,492
2717079,447,389,512,531,371,527
2717202,466,423,488,521,405,518
2717323,462,427,510,517,408,514
2717444,461,428,491,511,404,509
2717566,458,428,487,515,399,514
2717687,474,377,467,545,371,481
2717808,466,412,502,525,400,487
2717929,468,422,486,516,408,493
2718050,480,414,474,516,402,494
2718171,459,433,471,518,404,493
2718294,440,385,474,506,370,507
2718414,470,406,508,529,398,521
2718535,465,419,492,514,403,514
2718658,439,441,513,516,404,518
2718779,463,434,494,515,411,516
2718900,454,404,493,533,373,505
2719021,474,382,472,542,377,487
2719141,477,409,483,525,393,488
2719264,466,432,470,524,409,489
2719385,454,436,484,522,403,491
2719506,459,434,482,524,401,492
2719627,443,387,490,512,368,504
2719748,462,416,501,518,398,513
2719868,464,414,500,514,396,511
2719989,460,419,504,515,400,510
2720110,460,428,492,517,403,508
2720233,464,420,482,520,398,502
2720356,466,391,482,533,376,488
2720477,468,420,510,532,406,499
2720598,466,419,477,522,401,488
2720718,479,413,468,520,400,487
2720841,456,430,479,520,400,489
2720962,442,404,471,516,376,492
2721083,452,405,498,528,383,516
2721204,464,415,493,524,397,517
2721327,455,422,520,520,400,519
2721447,451,428,504,517,400,517
2721568,456,427,495,520,399,515
2721689,470,405,490,525,396,496
2721810,467,407,488,519,394,494
2721933,451,420,494,522,394,495
2722054,468,410,475,521,394,488
2722174,467,412,476,523,395,479
2722297,478,421,475,537,407,470
2722420,470,413,470,537,397,477
2722541,468,415,467,530,397,481
2722662,462,403,457,530,374,484
2722783,447,425,501,513,390,525
2722904,475,409,497,516,389,505
2723024,467,425,498,517,402,509
2723145,462,420,509,518,403,515
2723266,461,427,479,519,400,513
2723387,468,422,491,516,404,514
2723510,473,373,464,539,366,477
2723631,455,437,526,541,410,495
2723751,472,416,478,525,405,495
2723874,466,419,483,521,401,489
2723995,459,423,489,517,397,486
2724116,448,383,455,512,362,483
2724237,459,407,517,524,397,517
2724358,468,417,495,515,403,525
2724481,449,429,524,519,404,518
2724601,467,429,497,518,407,522
2724722,445,398,499,531,369,509
2724845,473,379,481,535,377,483
2724966,474,410,497,522,400,496
2725087,470,418,478,520,401,496
2725208,460,431,481,518,404,493
2725328,463,425,483,527,402,492
2725449,452,373,496,516,364,506
2725570,456,423,502,527,398,517
2725691,468,420,498,517,404,514
2725812,453,423,512,517,403,512
2725933,459,432,500,525,403,522
2726053,454,395,495,532,374,491
2726174,464,399,490,527,389,480
2726295,471,404,480,517,398,488
2726418,474,423,463,521,406,485
2726539,460,429,485,524,403,490
2726660,468,429,469,530,403,495
2726782,446,392,513,526,374,524
2726903,477,413,486,522,404,512
2727024,464,421,507,524,404,509
2727145,463,425,497,515,404,512
2727266,461,428,496,521,401,516
2727387,463,399,491,533,383,498
2727507,475,396,485,524,393,484
2727628,472,399,476,522,391,487
2727749,465,423,472,521,402,489
2727870,451,442,492,519,407,491
2727991,464,427,474,525,403,491
2728112,447,397,500,529,375,525
2728232,472,408,482,514,401,510
2728353,461,424,515,519,405,511
2728474,458,427,493,514,402,509
2728595,467,430,502,517,407,517
2728716,459,395,499,523,378,492
2728837,468,402,495,522,392,485
2728957,479,402,475,512,398,485
2729078,462,431,468,519,403,487
2729199,457,432,478,515,402,484
2729320,466,427,467,527,402,485
2729441,463,397,495,527,386,515
2729562,477,406,490,520,401,515
2729682,459,424,513,522,403,521
2729803,457,422,502,514,400,515
2729924,455,424,505,513,400,516
2730045,455,424,505,517,398,519
2730166,454,388,493,523,372,502
2730287,468,416,507,522,404,497
2730407,481,398,473,520,392,489
2730528,464,421,479,521,399,488
2730649,460,430,478,520,402,487
2730770,468,423,466,522,403,491
2730891,461,409,497,525,393,512
2731012,466,407,494,520,397,513
2731132,459,420,502,525,398,511
2731253,446,429,503,516,396,515
2731374,457,420,504,516,398,517
2731495,457,424,499,521,399,516
2731616,463,405,485,518,390,496
