839028,458,430,459,514,395,487
839149,458,430,459,514,396,486
839270,458,430,459,514,395,486
839391,458,430,459,514,395,487
839514,457,430,459,514,395,487
839634,457,431,459,514,396,487
839755,457,431,459,514,395,486
839876,457,431,458,514,395,487
839999,457,431,458,514,395,485
840120,457,431,458,513,395,487
840241,457,431,458,513,395,487
840361,457,431,458,513,395,486
840482,457,432,457,514,396,486
840603,457,432,457,513,396,486
840724,456,432,457,512,395,487
840845,455,433,457,511,395,485
840966,456,431,457,511,394,489
841086,460,429,458,514,397,485
841207,460,429,458,515,396,487
841328,462,428,458,515,396,488
841449,461,427,458,513,397,478
841570,461,427,456,515,395,484
841691,461,427,460,515,395,487
841811,460,427,457,512,393,488
841932,462,425,458,515,395,486
842053,461,428,457,512,396,484
842174,461,425,459,516,395,484
842295,459,426,464,519,396,489
842416,463,424,460,519,395,487
842536,461,425,462,519,396,487
842657,461,426,460,518,395,487
842778,460,426,461,516,395,489
842899,461,425,460,517,395,489
843020,461,425,461,519,395,488
843141,461,426,459,518,396,488
843261,461,425,460,517,395,486
843382,462,425,461,516,395,487
843503,460,425,462,518,395,489
843624,460,426,462,519,396,490
843745,459,425,463,518,395,488
843866,459,426,463,519,395,487
843986,459,425,462,518,395,488
844107,460,425,462,519,396,487
844228,460,425,463,520,395,488
844349,461,424,463,520,395,488
844470,460,424,463,521,395,488
844591,461,424,464,520,395,489
844711,461,423,464,521,395,489
844832,460,424,464,521,395,489
844953,460,423,464,521,395,490
845074,461,423,464,521,395,489
845197,461,423,465,521,396,489
845318,461,423,464,521,396,488
845438,461,423,464,521,395,488
845559,461,424,464,521,396,489
845682,460,425,463,520,395,488
845803,459,426,462,519,396,488
845924,458,427,462,519,395,488
846045,457,428,462,518,394,489
846168,458,427,462,519,395,488
846288,459,426,463,518,395,488
846409,458,426,463,519,396,488
846530,458,427,462,519,395,487
846651,458,427,462,519,396,488
846772,458,427,462,520,395,489
846895,458,427,463,520,396,488
847015,458,427,463,520,395,489
847136,458,427,462,519,395,488
847257,458,427,462,519,395,489
847378,458,427,462,519,396,488
847501,458,427,462,520,395,488
847622,458,428,463,520,395,489
847742,458,428,463,520,395,489
847863,458,428,462,520,395,488
847984,457,428,462,520,395,488
848105,458,428,462,520,395,489
848226,458,428,462,520,395,488
848347,457,428,462,520,395,488
848470,457,428,462,520,395,488
848590,458,428,462,520,395,488
848711,458,428,462,520,396,489
848832,457,428,462,520,395,489
848953,458,427,462,520,395,488
849074,458,428,462,520,395,488
849195,458,427,462,519,395,488
849315,458,427,462,520,395,487
849436,459,427,462,519,395,487
849559,459,427,462,519,395,487
849680,459,427,461,519,396,487
849801,459,427,461,519,395,487
849922,458,427,461,520,395,486
850042,459,428,462,521,396,487
850163,459,427,461,521,395,487
850284,458,428,462,520,396,487
850405,458,428,461,520,395,487
850526,458,428,461,519,395,487
850647,458,428,461,520,395,487
850767,458,428,461,519,395,487
850888,458,428,461,520,396,486
851009,458,428,461,519,396,486
851130,458,428,461,520,395,487
851251,458,428,461,520,395,486
851372,458,428,461,520,396,486
851492,458,428,461,519,395,487
851613,458,427,462,519,395,487
851734,458,427,462,519,395,488
851855,458,427,462,518,395,487
851976,459,427,462,518,395,487
852097,459,427,462,518,395,487
852217,459,426,462,517,395,487
852338,459,426,462,518,395,487
852459,459,426,463,518,395,487
852580,459,426,462,518,395,487
852701,459,426,463,518,395,487
852822,458,426,463,518,395,487
852942,459,426,462,518,395,487
853063,458,427,462,519,395,487
853184,459,427,462,518,395,487
853305,459,427,462,518,395,488
853426,459,426,462,518,395,485
853547,459,427,460,518,395,486
853667,459,428,460,519,396,487
853788,459,427,461,519,395,488
853909,458,427,462,519,395,487
854030,458,428,461,519,395,487
854151,458,429,461,520,396,488
854274,459,428,461,519,395,487
854394,458,428,461,520,395,487
854515,458,428,460,519,395,487
854636,458,428,460,518,395,488
854757,458,428,461,519,395,487
854878,458,428,460,519,395,486
854999,459,428,460,519,395,487
855119,459,428,460,519,395,487
855240,459,428,461,519,395,487
855361,459,427,461,519,395,487
855482,459,427,461,519,396,487
855603,460,427,460,519,395,486
855724,459,428,461,519,395,486
855846,459,427,461,519,396,486
855967,460,427,461,519,396,487
856088,459,427,460,519,395,486
856211,459,427,461,520,396,486
856332,459,428,460,519,395,487
856453,459,428,461,520,396,486
856573,459,428,460,520,395,486
856694,458,428,460,519,396,486
856815,459,428,461,519,396,487
856938,457,428,461,519,395,488
857059,458,428,460,519,396,488
857180,458,428,460,518,395,482
857300,458,429,460,519,396,486
857423,459,428,459,519,395,485
857544,458,428,461,519,396,487
857665,458,428,461,520,395,488
857786,458,428,462,520,396,488
857907,457,428,461,519,395,488
858028,458,428,462,520,396,488
858148,458,428,462,520,395,488
858269,459,427,461,520,396,488
858390,457,427,462,519,395,488
858511,458,427,462,519,395,488
858632,459,427,462,520,396,487
858753,458,427,462,519,395,487
858873,459,427,462,520,395,489
858994,458,427,462,520,395,488
859115,458,428,462,520,395,488
859236,458,427,462,520,395,488
859357,458,427,462,520,395,488
859478,458,427,462,520,395,488
859598,458,428,462,519,395,488
859719,457,427,462,519,395,487
859840,459,427,462,519,395,489
859961,458,428,461,521,395,489
860082,458,427,462,520,395,491
860203,457,427,462,519,394,488
860323,458,428,463,520,395,489
860444,458,428,462,520,395,489
860565,458,428,462,521,396,489
860686,458,427,463,521,395,489
860807,458,427,463,522,395,489
860928,459,426,464,521,396,489
861048,458,427,463,522,396,489
861169,460,425,463,521,395,489
861290,459,426,463,521,395,489
861411,458,426,463,521,395,488
861532,459,426,463,521,395,489
861652,459,426,463,520,395,488
861773,459,426,463,521,395,489
861894,457,427,463,521,395,489
862015,458,426,464,521,395,490
862136,458,427,463,520,395,489
862257,458,427,463,521,395,488
862377,457,427,463,521,395,490
862498,457,428,463,520,396,489
862619,457,428,462,521,395,489
862740,458,428,463,521,395,489
862861,457,428,463,521,395,489
862982,457,429,462,520,396,489
863102,457,429,462,521,395,489
863225,457,428,462,521,395,489
863346,457,428,463,521,395,490
863467,457,428,462,521,395,489
863588,457,428,463,521,396,489
863711,457,428,462,521,396,489
863832,457,428,463,521,395,490
863952,457,428,463,521,395,490
864073,458,427,463,521,395,489
864194,458,427,463,521,395,489
864315,458,427,462,521,395,489
864436,458,427,463,522,395,489
864557,458,427,463,522,396,489
864677,457,427,463,521,395,489
864798,457,427,463,521,395,489
864919,458,427,463,522,396,489
865040,458,427,463,521,395,489
865161,458,427,462,521,395,489
865282,458,427,463,521,395,489
865402,458,427,464,522,395,490
865523,458,427,463,521,395,489
865644,458,427,463,522,396,489
865765,458,427,463,521,396,489
865886,457,428,463,521,395,489
866007,458,427,463,522,396,489
866127,457,427,463,521,395,490
866248,458,427,463,522,395,490
866369,458,427,463,521,395,489
866490,457,428,463,521,395,490
866611,457,428,463,521,395,489
866732,457,428,462,521,395,489
866852,458,427,462,521,395,490
866973,457,427,462,521,396,489
867094,458,428,463,521,395,490
867215,458,427,463,522,395,489
867336,458,427,463,522,395,490
867457,458,427,463,521,395,489
867577,457,427,463,521,395,489
867698,458,427,463,521,395,490
867819,458,426,463,521,395,489
867940,458,428,463,521,395,489
868061,458,428,462,521,395,489
868182,458,428,463,522,395,489
868302,458,427,462,522,395,489
868423,457,428,462,521,395,489
868544,457,428,462,521,395,489
868665,457,428,462,521,395,489
868786,457,429,462,521,396,489
868909,457,429,462,521,395,490
869029,456,429,462,521,395,490
869150,457,429,462,521,395,489
869273,457,429,462,521,395,489
869394,457,429,461,521,395,489
869517,457,429,462,521,395,489
869638,457,429,462,521,395,489
869758,457,429,462,521,395,489
869879,457,428,462,521,394,489
870000,456,429,462,520,395,489
870121,455,430,461,521,395,491
870242,456,429,463,521,395,492
870363,456,428,462,520,394,492
870486,456,429,465,521,395,493
870606,456,429,462,520,395,492
870727,457,429,462,521,395,490
870848,458,428,462,520,395,491
