2827288,491,425,491,544,400,506
2827409,491,425,491,544,400,506
2827530,490,425,492,544,400,506
2827651,488,424,492,542,400,508
2827771,488,424,491,543,400,506
2827892,488,424,490,544,400,507
2828013,487,424,493,543,400,508
2828134,488,424,494,543,400,507
2828257,487,424,494,542,399,508
2828380,487,424,493,542,400,508
2828500,487,424,493,542,400,507
2828621,487,424,493,543,400,507
2828744,486,425,494,542,400,508
2828865,486,425,493,541,400,510
2828986,486,424,491,542,399,507
2829107,486,424,493,542,400,507
2829228,486,424,493,542,400,508
2829350,486,424,493,542,400,508
2829471,487,424,493,543,400,509
2829592,487,423,492,543,400,506
2829713,488,421,494,543,399,510
2829834,487,422,492,543,399,506
2829957,488,423,492,544,400,507
2830077,486,422,493,541,399,507
2830198,483,423,489,539,399,505
2830319,485,424,485,544,400,503
2830440,486,424,491,544,401,508
2830563,486,423,492,544,399,508
2830684,488,425,491,545,401,507
2830804,490,426,489,547,401,506
2830927,490,427,488,546,400,504
2831050,495,428,498,550,407,501
2831171,492,426,492,547,403,505
2831292,488,425,491,548,401,505
2831413,487,425,490,546,401,507
2831536,487,424,489,546,401,503
2831656,483,424,489,545,399,506
2831777,483,425,490,546,401,508
2831898,480,426,488,545,399,507
2832019,483,426,487,547,401,505
2832142,482,426,488,547,400,504
2832263,483,427,489,548,401,507
2832384,483,426,489,547,401,507
2832504,483,426,489,548,401,506
2832625,483,427,488,547,401,506
2832746,483,426,489,547,401,506
2832867,483,426,488,548,401,506
2832988,481,427,488,547,401,506
2833111,481,427,488,548,400,505
2833231,481,427,487,547,401,506
2833352,481,427,489,547,401,506
2833473,480,428,488,547,401,506
2833594,478,427,488,546,400,505
2833717,477,428,487,544,401,504
2833838,476,429,487,544,400,503
2833958,476,428,487,544,399,504
2834081,481,427,488,545,401,510
2834202,479,427,489,541,399,504
2834323,479,427,491,536,397,504
2834444,481,431,492,534,397,502
2834565,480,431,493,533,397,501
2834688,480,431,492,535,396,501
2834810,480,431,491,536,397,503
2834931,480,432,492,536,398,499
2835052,479,433,491,535,397,498
2835173,479,434,490,536,398,498
2835294,478,434,492,536,398,499
2835415,475,436,492,535,397,498
2835535,475,437,492,535,398,500
2835656,474,437,491,536,398,501
2835779,475,438,492,537,398,501
2835902,476,436,493,538,398,502
2836023,476,437,492,540,399,502
2836144,476,436,492,541,398,502
2836264,476,435,491,540,399,501
2836385,475,436,491,539,399,502
2836506,474,437,491,539,399,502
2836627,473,436,489,538,398,501
2836748,473,437,490,538,398,502
2836869,474,436,491,538,398,502
2836989,474,436,490,538,398,502
2837110,474,435,491,537,398,502
2837231,475,435,491,538,398,502
2837352,476,434,492,538,398,502
2837475,477,434,492,538,399,503
2837596,477,435,492,539,398,502
2837716,478,433,491,539,399,501
2837837,478,433,491,539,398,501
2837958,478,433,492,539,399,502
2838081,479,430,489,539,399,502
2838202,478,431,490,539,398,502
2838323,479,430,490,539,399,502
2838444,479,430,489,539,398,502
2838566,479,430,490,540,399,501
2838689,479,430,490,540,399,502
2838812,479,430,490,540,399,502
2838933,479,430,490,540,398,502
2839054,479,430,489,540,399,502
2839175,478,430,490,540,399,502
2839296,478,430,490,540,399,502
2839416,478,430,490,540,399,502
2839537,478,430,490,540,399,502
2839658,478,430,490,540,399,503
2839779,478,430,490,540,399,501
2839900,478,430,490,540,399,502
2840020,478,430,490,540,399,502
2840141,477,430,490,539,399,502
2840264,477,430,490,540,399,502
2840385,478,431,489,540,399,502
2840506,477,430,490,540,399,502
2840627,478,430,490,540,399,502
2840750,477,430,490,540,399,502
2840872,477,430,489,540,399,502
2840993,479,430,490,540,399,502
2841114,478,430,490,540,399,502
2841235,479,430,490,540,399,502
2841356,478,430,490,540,399,502
2841477,478,430,490,540,399,503
2841597,479,430,490,541,399,503
2841718,478,430,490,540,399,502
2841841,478,430,490,540,399,502
2841962,479,430,490,540,399,502
2842083,478,429,490,541,399,502
2842204,478,429,490,540,399,503
2842324,479,429,490,540,399,503
2842447,479,429,490,541,399,502
2842568,479,429,490,540,399,503
2842689,479,429,490,540,399,502
2842810,479,429,490,541,399,502
2842933,479,429,489,541,399,503
2843054,479,429,490,541,399,502
2843174,479,429,490,541,399,502
2843295,479,429,490,541,399,502
2843416,479,429,489,541,399,503
2843539,479,429,490,541,399,502
2843660,479,429,490,541,399,502
2843781,479,429,489,541,399,502
2843901,479,429,490,541,399,502
2844024,478,429,489,540,399,502
2844145,479,429,489,540,399,502
2844266,479,429,490,541,399,502
2844387,479,429,490,541,399,502
2844508,479,429,489,541,399,502
2844631,479,429,490,541,399,502
2844751,479,429,490,541,399,502
2844872,479,429,490,541,399,502
2844993,479,429,490,541,399,502
2845116,479,430,491,541,399,502
2845237,480,431,492,541,399,502
2845358,480,430,491,541,399,503
2845478,480,430,491,542,399,502
2845599,480,430,491,541,399,503
2845722,480,430,491,541,399,502
2845843,480,430,491,541,399,503
2845964,481,430,491,541,399,503
2846085,481,430,491,542,399,502
2846205,481,430,491,542,399,502
2846326,481,430,491,542,400,502
2846447,481,430,491,542,399,502
2846568,481,430,491,542,399,503
2846689,481,430,491,542,399,502
2846810,481,430,491,541,399,502
2846930,481,430,491,542,399,502
2847051,481,430,491,541,399,502
2847172,481,430,490,542,399,502
2847293,481,430,490,541,399,502
2847414,481,429,491,542,400,503
2847535,481,429,491,541,399,502
2847655,481,429,491,542,399,502
2847776,481,429,491,542,399,502
2847897,482,429,491,541,400,503
2848018,481,429,491,541,399,502
2848139,482,429,491,541,399,502
2848260,481,429,490,541,399,502
2848380,481,429,491,541,399,502
2848501,482,428,491,542,399,502
2848624,482,429,490,542,399,502
2848745,482,427,490,542,399,503
2848866,482,427,489,542,399,503
2848987,482,427,490,542,400,502
2849107,482,427,490,542,399,503
2849228,482,424,487,543,399,502
2849349,482,424,487,543,399,503
2849470,482,424,487,543,399,502
2849591,483,424,488,543,400,502
2849712,482,424,488,544,399,503
2849832,483,425,488,543,400,502
2849953,482,424,488,543,400,502
2850074,482,424,488,543,400,502
2850195,482,424,488,543,400,502
2850316,482,425,488,543,399,502
2850437,482,424,488,543,400,502
2850557,481,424,488,543,399,502
2850678,482,424,489,543,400,502
2850801,482,424,488,543,400,503
2850922,481,424,489,543,400,503
2851043,482,424,488,543,400,503
2851164,482,424,488,543,400,503
2851284,481,424,488,543,400,503
2851407,481,424,488,543,400,503
2851528,481,424,488,543,400,503
2851649,482,423,488,543,399,502
2851772,482,424,488,543,400,503
2851893,482,423,488,543,400,503
2852014,482,424,489,543,400,503
2852134,482,423,488,543,400,503
2852257,482,423,488,544,400,503
2852378,482,423,488,543,399,503
2852501,483,423,489,543,400,503
2852622,483,423,488,544,400,503
2852743,483,423,489,545,400,502
2852864,483,423,488,544,400,502
2852984,481,422,490,540,399,504
2853105,483,421,487,543,400,502
2853226,483,419,490,543,400,505
2853347,484,420,493,544,400,506
2853468,483,419,492,541,400,508
2853591,483,420,490,542,399,505
2853711,482,420,491,541,399,505
2853832,483,420,491,541,399,506
2853953,483,420,492,542,400,506
2854074,482,419,492,541,399,507
