682129,452,423,491,515,395,492
682250,452,422,491,515,395,491
682371,452,422,491,514,395,492
682491,452,423,491,514,395,491
682612,453,423,491,515,395,492
682733,452,423,491,515,395,492
682854,453,423,491,514,395,492
682975,452,423,491,514,395,492
683096,452,423,492,515,395,492
683216,453,423,491,514,395,492
683337,452,423,492,514,395,492
683458,451,423,491,514,395,492
683579,452,423,492,514,395,492
683700,452,423,492,515,395,492
683821,453,423,492,514,395,492
683941,452,423,491,514,395,492
684062,452,423,491,515,394,492
684183,453,423,491,516,395,492
684304,452,423,492,515,395,492
684427,452,422,491,514,395,492
684548,452,423,491,514,395,492
684668,452,423,491,514,395,492
684789,452,423,491,514,395,492
684910,452,423,491,514,395,492
685031,452,423,491,514,395,492
685152,451,423,491,514,395,492
685273,452,424,491,514,395,492
685393,452,423,491,514,395,492
685514,452,423,491,514,394,492
685635,452,423,491,514,395,492
685756,453,424,491,514,395,491
685877,451,423,491,514,394,491
685998,453,423,491,514,395,493
686118,451,423,492,513,395,493
686239,452,423,492,513,395,493
686360,451,424,492,510,394,493
686481,451,424,492,512,395,494
686602,450,425,493,511,396,494
686723,450,424,494,511,394,493
686843,452,423,493,512,395,493
686964,452,423,492,512,395,492
687085,452,422,493,512,394,494
687206,452,422,492,514,395,494
687327,453,423,491,513,395,491
687448,452,422,491,513,394,491
687568,454,423,490,513,396,488
687689,453,422,489,512,395,489
687810,452,422,492,513,394,492
687931,453,422,492,514,395,492
688052,452,423,493,513,395,492
688173,452,422,492,515,394,492
688293,452,422,495,515,394,499
688414,451,422,495,515,394,493
688535,454,422,494,515,395,496
688656,454,423,494,517,396,494
688777,453,421,492,516,395,491
688898,454,420,492,516,395,491
689018,454,421,491,516,395,490
689139,454,420,491,516,394,490
689260,455,421,492,518,395,491
689381,454,420,492,515,395,490
689502,454,421,490,513,394,490
689623,455,421,490,515,396,490
689743,454,421,490,515,395,490
689864,454,421,492,515,395,493
689985,454,421,491,514,394,491
690108,454,422,491,514,395,492
690231,452,422,492,514,394,494
690352,453,422,492,514,395,493
690472,453,422,492,514,394,492
690593,453,423,492,515,395,493
690714,452,423,491,513,394,493
690835,451,423,492,513,394,492
690956,451,423,491,513,394,492
691077,452,423,491,515,395,492
691200,452,423,491,516,395,492
691320,452,424,491,516,395,492
691441,452,423,491,516,395,491
691562,452,423,491,515,395,492
691683,452,423,491,515,395,492
691804,452,423,492,515,395,492
691924,452,423,492,516,395,493
692045,452,423,492,516,394,493
692166,452,423,492,516,395,493
692287,452,423,492,517,395,493
692408,452,423,492,516,395,493
692529,452,423,491,517,394,492
692649,452,422,491,515,395,492
692770,452,422,492,516,395,492
692893,453,422,492,516,395,492
693014,453,422,492,516,395,492
693135,453,422,491,515,394,492
693256,452,423,492,516,395,492
693377,453,423,492,517,395,491
693497,452,422,492,516,395,494
693618,453,423,493,518,396,494
693739,451,422,493,515,393,494
693860,453,423,492,516,395,494
693981,452,423,493,516,395,494
694102,452,423,493,518,395,494
694222,453,423,493,518,395,494
694343,451,423,493,517,394,494
694464,452,424,492,518,395,493
694585,452,423,492,518,395,492
694706,452,422,492,518,395,493
694827,452,423,493,519,395,493
694947,452,423,493,518,395,493
695068,452,423,492,517,394,493
695189,452,424,492,517,395,494
695310,452,424,492,517,395,494
695431,452,423,493,518,395,493
695552,452,423,492,517,395,493
695672,452,423,493,517,395,493
695793,452,423,493,518,395,493
695914,453,423,493,518,395,493
696035,453,423,492,519,395,493
696156,452,423,492,519,395,493
696279,452,423,492,518,395,493
696399,452,423,492,518,395,493
696520,452,423,492,519,395,492
696641,453,423,492,519,395,493
696762,452,423,492,519,395,493
696883,452,423,492,519,395,493
697004,453,423,492,520,395,493
697124,452,423,492,519,395,493
