396556,476,406,494,567,409,502
396677,473,405,494,565,408,503
396797,471,405,496,561,406,503
396920,470,407,497,561,405,506
397041,472,408,493,560,406,505
397162,475,410,494,562,409,503
397283,474,404,492,568,405,502
397404,478,395,494,572,406,500
397527,487,398,493,573,416,494
397647,490,400,480,573,415,488
397768,482,406,482,569,414,488
397889,478,410,482,562,412,491
398012,478,410,486,567,413,493
398135,475,400,493,576,407,502
398256,480,386,499,586,407,515
398376,490,402,497,575,421,512
398497,481,405,504,569,416,508
398620,479,410,500,566,416,505
398741,482,412,494,571,418,502
398862,470,398,488,572,401,497
398983,479,377,477,587,398,479
399106,487,400,484,574,416,486
399226,486,410,480,567,420,496
399347,476,415,485,560,415,495
399468,478,412,486,568,414,495
399589,472,397,492,582,401,505
399712,486,397,499,580,423,516
399833,484,402,498,572,418,513
399953,477,409,511,564,416,513
400074,474,415,500,562,415,509
400197,473,403,500,572,407,504
400318,477,373,481,586,393,481
400439,489,393,478,578,413,482
400560,480,409,479,563,414,490
400680,472,414,481,554,410,490
400801,476,417,481,562,415,490
400922,472,412,494,571,413,503
401043,470,385,503,582,398,515
401164,485,410,491,576,420,511
401287,473,408,510,563,412,512
401408,470,413,501,558,410,511
401528,475,413,504,568,415,509
401649,478,407,492,575,411,501
401770,488,389,477,588,410,482
401891,487,403,495,570,417,490
402012,485,406,476,566,416,487
402132,474,411,483,560,412,487
402253,479,412,483,571,415,492
402374,475,397,497,584,409,504
402495,487,398,496,578,420,514
402616,479,401,505,566,414,517
402737,475,411,509,563,416,514
402857,474,413,498,561,413,508
402978,476,409,494,566,412,506
403099,477,383,480,581,393,487
403220,482,411,489,569,422,479
403341,478,405,476,556,408,483
403462,469,416,476,554,407,486
403582,472,421,480,551,412,491
403703,466,414,478,566,402,492
403824,464,379,498,578,387,511
403945,481,418,493,568,420,520
404066,471,415,514,555,415,520
404187,462,419,502,546,406,506
404307,463,417,498,549,401,500
404428,466,393,485,568,389,488
404549,476,412,485,571,418,479
404670,476,407,484,562,411,481
404791,476,414,476,561,413,484
404912,471,426,478,555,415,485
405032,469,415,478,567,407,488
405153,464,376,496,582,384,515
405274,473,416,493,565,413,511
405395,474,406,504,551,409,506
405516,464,413,500,545,402,503
405637,466,417,492,547,406,503
405757,463,410,492,557,397,501
405878,478,383,468,573,391,479
405999,471,408,489,553,406,482
406120,469,412,477,544,404,482
406241,465,419,475,544,406,483
406362,472,426,475,558,412,488
406482,469,405,485,570,400,498
406603,471,399,504,563,408,516
406724,472,409,499,550,408,511
406845,464,408,508,547,404,505
406966,466,421,483,545,406,500
407087,466,410,491,555,401,501
407207,470,359,474,577,373,481
407328,480,413,485,570,415,476
407449,469,415,464,550,407,484
407570,470,419,473,550,409,486
407691,471,427,481,556,415,488
407812,467,407,489,564,403,499
407932,465,383,506,565,394,516
408053,472,410,498,557,409,515
408174,470,413,513,552,409,512
408295,465,419,497,551,407,505
408416,469,415,495,558,409,508
408537,468,400,488,573,397,491
408657,473,412,478,564,414,481
408778,472,407,476,550,405,474
408899,470,422,468,552,409,479
409020,469,427,473,550,412,483
409141,466,414,478,560,401,493
409262,463,378,493,576,383,509
409382,474,412,486,566,412,508
409503,474,412,504,554,412,510
409624,463,423,501,550,408,509
409745,467,421,505,556,410,513
409866,467,402,496,560,397,503
409987,471,395,488,574,399,491
410107,470,407,497,564,409,488
410228,474,416,475,556,414,496
410349,466,420,482,553,409,489
410470,470,420,476,567,411,489
410591,464,389,499,579,394,510
410712,482,409,489,572,416,510
410832,476,401,501,554,408,509
410953,472,411,492,553,409,502
411074,477,426,494,559,417,505
411195,461,394,487,562,389,492
411316,471,400,476,574,406,477
411437,473,409,474,555,408,476
411557,473,421,477,549,413,483
411680,465,431,476,547,412,486
411801,463,419,477,555,403,489
411922,459,386,485,576,385,503
412043,482,411,489,574,415,507
412166,470,413,497,553,411,507
412286,465,416,505,554,408,505
412407,473,426,499,557,416,508
412528,458,405,487,561,395,495
412649,463,385,473,576,391,476
412772,470,414,488,556,413,483
412893,472,422,476,550,414,487
413014,464,424,480,548,408,487
413134,468,424,476,555,408,488
413257,455,379,481,572,376,496
413378,472,405,496,564,407,499
413499,472,410,498,551,411,502
413620,469,416,503,549,410,502
413741,468,422,501,557,408,504
413863,470,408,482,562,400,493
413984,463,398,477,567,394,476
414105,464,416,485,550,406,478
414226,469,424,468,546,411,485
414349,466,432,480,544,411,485
414470,460,417,476,551,399,489
414590,460,366,486,574,373,497
414711,475,416,489,570,415,498
414834,475,413,499,557,412,503
414955,467,419,504,550,408,507
415076,471,426,499,552,415,505
415197,455,404,488,556,393,495
415318,467,379,470,574,389,472
415440,466,411,485,561,407,477
415561,468,422,476,549,414,484
415682,464,428,477,544,410,483
415803,467,425,473,556,409,486
415924,454,397,490,570,388,498
416047,471,406,509,564,412,513
416167,472,406,501,551,408,508
416288,458,420,501,550,407,503
416409,465,421,489,548,407,499
416532,460,414,486,554,398,495
416653,463,377,474,569,383,475
416774,470,414,490,562,409,476
416894,471,417,475,548,411,481
417015,463,423,475,544,405,480
417136,468,420,470,547,407,483
417257,461,405,484,557,399,495
417378,464,395,499,564,400,513
417499,468,410,495,559,406,503
417622,473,411,505,549,407,501
417742,465,424,493,545,409,503
417863,461,418,496,551,402,501
417984,463,400,484,561,392,490
418107,473,400,472,560,400,478
418228,466,414,483,552,406,480
418349,470,420,472,549,409,480
418469,466,422,473,547,407,480
418590,468,414,471,555,404,479
418713,468,389,482,575,393,496
418834,485,404,499,576,418,502
418955,476,407,494,562,411,505
419076,468,409,502,556,406,506
419196,468,421,495,551,411,501
419317,460,403,493,558,393,498
419438,466,374,476,574,382,477
419559,486,418,483,564,423,476
419680,476,407,471,552,408,477
419801,468,417,474,548,406,477
419921,470,421,476,548,409,483
420042,463,411,478,558,397,489
420163,458,375,502,573,381,514
420284,474,413,492,564,410,508
420405,470,410,511,554,407,510
420526,467,417,501,552,408,511
420646,473,418,500,557,411,505
420767,465,409,486,556,399,495
420888,463,385,473,565,386,480
421009,482,413,490,558,418,481
421130,474,406,472,555,404,483
421251,467,418,478,552,407,485
421371,468,424,479,553,410,487
421492,461,412,480,557,397,491
421613,467,392,493,567,392,506
