352770,468,410,476,510,394,484
352890,471,411,473,513,396,481
353011,471,411,474,514,396,483
353132,472,410,477,515,397,486
353253,469,413,484,515,395,497
353374,462,413,491,511,393,500
353495,467,403,478,508,394,499
353615,463,416,494,509,398,502
353736,466,418,491,513,400,498
353857,465,409,489,514,392,492
353980,464,393,479,526,379,481
354101,475,413,492,528,404,489
354222,466,412,475,512,396,487
354342,468,418,479,511,401,489
354463,462,421,481,512,399,489
354584,465,409,479,519,392,492
354705,460,395,485,532,378,499
354826,472,412,492,525,397,503
354947,483,401,506,513,401,504
355067,473,417,493,512,404,502
355188,463,417,491,511,398,500
355309,462,414,485,520,391,493
355430,464,378,472,528,370,475
355551,464,416,491,523,398,479
355672,477,422,476,518,407,491
355792,466,428,492,517,406,491
355913,465,417,479,516,396,497
356034,454,419,486,524,389,498
356155,465,408,492,526,398,506
356276,472,403,493,520,397,505
356397,478,409,508,515,403,505
356517,463,426,490,516,403,504
356638,468,409,492,516,396,498
356759,454,387,478,525,370,484
356880,469,406,494,525,391,484
357001,471,417,485,514,406,490
357122,471,421,477,515,403,486
357242,458,431,472,516,401,490
357363,447,419,483,519,389,496
357484,460,388,488,524,376,505
357605,461,421,490,514,399,507
357726,466,419,499,514,402,505
357847,467,422,494,510,405,504
357967,464,413,499,515,394,500
358088,450,389,478,523,367,486
358209,476,409,487,527,403,484
358330,468,417,483,516,402,489
358451,466,419,478,513,401,486
358574,464,427,475,519,401,488
358694,460,415,484,524,391,495
358815,458,383,486,527,369,504
358936,459,425,488,524,397,506
359057,467,417,482,519,403,503
359178,469,420,496,519,404,504
359299,460,424,498,517,400,502
359419,460,408,478,526,385,491
359540,483,381,475,532,383,483
359661,472,408,480,523,397,483
359782,468,424,473,520,403,488
359903,467,427,480,516,405,484
360024,468,423,479,525,401,488
360144,455,423,484,530,392,494
360267,473,387,486,525,392,501
360388,478,398,497,524,397,503
360509,465,419,500,523,402,502
360630,464,428,486,513,405,501
360753,462,416,490,515,394,497
360873,461,404,486,522,384,492
360994,475,408,475,526,395,485
361115,459,419,479,517,396,480
361236,472,417,469,520,401,482
361357,467,428,478,518,405,481
361478,465,420,476,516,398,485
361598,454,428,473,522,394,489
361719,462,413,492,530,388,499
361840,470,406,486,513,392,506
361961,448,433,499,520,400,503
362082,465,422,485,515,402,499
362203,466,420,491,517,400,497
362323,460,415,483,521,393,497
362444,462,395,483,526,382,476
362565,469,421,476,521,400,472
362686,474,422,469,520,408,476
362807,462,427,471,514,401,476
362928,466,417,467,516,397,481
363048,444,407,469,522,373,488
363169,478,401,502,529,399,501
363290,487,396,489,523,398,504
363411,468,418,496,524,402,498
363532,470,426,485,522,406,499
363653,472,412,492,521,398,499
363773,461,371,465,533,360,484
363894,469,407,497,524,396,480
364015,476,421,479,521,408,487
364136,467,422,472,515,402,485
364257,464,430,472,520,404,487
364378,456,417,477,532,384,489
364498,455,405,508,527,387,510
364619,469,418,493,529,403,504
364740,460,422,503,522,400,498
364861,463,427,481,514,404,498
364982,466,418,498,518,398,500
365103,451,381,471,523,359,483
365223,493,395,487,529,406,478
365346,469,416,475,525,402,486
365467,469,424,476,520,404,484
365588,462,431,471,524,403,483
365709,457,423,482,522,395,488
365830,449,375,479,525,361,500
365950,459,418,497,519,396,505
366071,458,432,490,522,405,499
366192,467,418,494,516,401,504
366313,466,423,493,515,404,500
366434,457,418,478,522,393,495
366555,465,373,488,528,372,476
366675,466,409,502,522,396,481
366796,472,416,475,519,403,490
366917,468,423,474,517,404,485
367040,461,428,475,517,402,488
367161,457,417,486,522,393,494
367282,449,387,489,526,372,505
367403,458,424,488,521,400,508
367523,458,419,504,521,400,501
367646,477,409,490,515,401,503
367767,463,423,495,521,400,502
367890,464,402,484,536,383,493
368011,468,406,476,531,394,481
368134,473,413,482,522,400,480
368254,470,424,474,522,404,483
368375,465,424,470,523,402,484
368496,464,412,478,525,393,486
368617,459,375,475,528,366,497
368738,464,427,497,526,402,502
368859,475,415,499,522,404,502
368979,473,417,485,521,404,501
369100,468,418,497,519,403,500
369223,466,410,481,528,393,497
369344,469,381,487,535,378,480
369465,477,404,487,521,399,475
369586,475,423,476,521,408,486
369707,463,426,479,516,401,485
369827,465,425,474,526,401,487
369948,457,393,480,534,373,496
370069,466,404,498,527,395,505
370190,479,396,492,518,399,505
370311,469,415,501,523,401,501
370432,467,427,496,526,406,503
370552,465,406,483,531,389,492
370673,466,379,476,541,371,480
370794,475,405,480,523,398,483
370915,473,422,477,524,407,489
371036,465,425,479,520,404,488
371156,465,419,472,525,397,490
371277,455,416,486,536,387,493
371398,475,396,511,532,396,506
371519,478,403,498,521,401,507
371640,462,418,495,520,400,505
371761,465,429,490,522,405,504
371881,460,414,489,526,393,499
372002,457,378,475,532,367,488
372123,465,412,497,528,396,493
372244,471,422,481,525,407,494
372365,472,419,476,523,404,489
372486,465,425,476,525,404,493
372606,452,425,485,528,394,497
372727,458,385,486,530,377,510
372848,461,421,497,525,400,508
372969,465,419,488,522,402,500
373090,462,422,495,517,402,501
373211,471,414,488,525,399,500
373331,467,417,483,530,397,496
373452,469,387,478,533,380,475
373573,470,416,482,518,402,475
373694,472,416,464,519,401,480
373815,463,428,476,517,405,481
373938,465,419,469,524,398,486
374059,451,386,480,530,368,496
374179,472,413,491,531,401,500
374300,476,406,488,524,398,503
374423,469,415,496,523,401,498
374544,468,422,488,524,401,498
374665,460,411,488,525,389,494
374786,444,378,479,522,358,483
374908,478,414,490,528,403,481
375029,473,412,473,518,403,486
375150,464,418,476,515,400,482
375271,459,433,470,520,402,485
375392,458,422,481,527,393,489
375513,455,386,489,531,373,504
375633,455,426,484,522,396,502
375754,460,425,498,522,401,499
375875,467,420,486,521,403,499
375996,465,424,492,519,404,500
376117,461,412,481,527,390,496
376238,465,387,478,529,379,481
376358,476,407,500,526,398,478
376479,471,413,468,521,399,486
376600,467,422,476,521,401,481
376721,465,422,472,521,402,486
376842,460,413,477,527,392,491
376963,451,396,468,530,376,499
377083,465,408,481,526,395,500
377204,467,416,490,523,399,501
377325,466,419,493,521,401,502
377446,466,421,496,520,403,502
377567,461,406,483,525,387,495
377688,468,387,481,533,378,483
377808,476,413,507,532,403,479
377929,473,413,463,524,400,483
378050,467,415,473,520,399,480
378171,459,423,479,520,399,485
378292,458,426,479,524,398,487
378413,453,403,481,524,381,494
378533,474,411,496,532,402,502
378654,467,407,494,530,393,502
378775,468,411,498,526,397,501
378896,466,416,494,524,400,501
